2025-03-09 15:32:41.598 [info] [main] Log level: Info
2025-03-09 15:32:41.598 [info] [main] Validating found git in: "git"
2025-03-09 15:32:41.598 [info] [main] Using git "2.48.1" from "git"
2025-03-09 15:32:41.598 [info] [Model][doInitialScan] Initial repository scan started
2025-03-09 15:32:41.598 [info] > git rev-parse --show-toplevel [1ms]
2025-03-09 15:32:41.598 [info] > git rev-parse --git-dir --git-common-dir [0ms]
2025-03-09 15:32:41.598 [info] [Model][openRepository] Opened repository: /home/JakeRA/.config
2025-03-09 15:32:42.078 [info] > git config --get commit.template [475ms]
2025-03-09 15:32:42.228 [info] > git for-each-ref --format=%(refname)%00%(upstream:short)%00%(objectname)%00%(upstream:track)%00%(upstream:remotename)%00%(upstream:remoteref) refs/heads/main refs/remotes/main [14ms]
2025-03-09 15:32:42.249 [info] > git for-each-ref --sort -committerdate --format %(refname) %(objectname) %(*objectname) [1ms]
2025-03-09 15:32:43.036 [info] > git status -z -uall [796ms]
2025-03-09 15:32:43.062 [info] > git check-ignore -v -z --stdin [7ms]
2025-03-09 15:32:43.063 [info] > git for-each-ref --format=%(refname)%00%(upstream:short)%00%(objectname)%00%(upstream:track)%00%(upstream:remotename)%00%(upstream:remoteref) refs/heads/main refs/remotes/main [17ms]
2025-03-09 15:32:43.072 [info] > git rev-parse --show-toplevel [808ms]
2025-03-09 15:32:43.087 [info] > git config --local branch.main.vscode-merge-base [15ms]
2025-03-09 15:32:43.087 [warning] [Git][config] git config failed: Failed to execute git
2025-03-09 15:32:43.093 [info] > git config --get commit.template [31ms]
2025-03-09 15:32:43.094 [info] > git rev-parse --show-toplevel [8ms]
2025-03-09 15:32:43.116 [info] > git rev-parse --show-toplevel [4ms]
2025-03-09 15:32:43.116 [info] > git reflog main --grep-reflog=branch: Created from *. [23ms]
2025-03-09 15:32:43.125 [info] > git for-each-ref --format=%(refname)%00%(upstream:short)%00%(objectname)%00%(upstream:track)%00%(upstream:remotename)%00%(upstream:remoteref) refs/heads/main refs/remotes/main [24ms]
2025-03-09 15:32:43.152 [info] > git rev-parse --show-toplevel [14ms]
2025-03-09 15:32:43.152 [info] > git symbolic-ref --short refs/remotes/origin/HEAD [27ms]
2025-03-09 15:32:43.152 [info] fatal: ref refs/remotes/origin/HEAD is not a symbolic ref
2025-03-09 15:32:43.152 [warning] [Repository][getDefaultBranch] Failed to get default branch details: Failed to execute git.
2025-03-09 15:32:43.169 [info] > git merge-base refs/heads/main refs/remotes/origin/main [8ms]
2025-03-09 15:32:43.192 [info] > git rev-parse --show-toplevel [24ms]
2025-03-09 15:32:43.201 [info] > git for-each-ref --sort -committerdate --format %(refname) %(objectname) %(*objectname) [9ms]
2025-03-09 15:32:43.201 [info] > git diff --name-status -z --diff-filter=ADMR 4e84599b3e7c8e15002300e1584f9be57b3bc984...refs/remotes/origin/main [24ms]
2025-03-09 15:32:43.202 [info] > git rev-parse --show-toplevel [1ms]
2025-03-09 15:32:43.210 [info] > git status -z -uall [25ms]
2025-03-09 15:32:43.212 [info] > git rev-parse --show-toplevel [3ms]
2025-03-09 15:32:43.221 [info] > git rev-parse --show-toplevel [1ms]
2025-03-09 15:32:43.228 [info] > git rev-parse --show-toplevel [0ms]
2025-03-09 15:32:43.238 [info] > git rev-parse --show-toplevel [1ms]
2025-03-09 15:32:43.247 [info] > git rev-parse --show-toplevel [1ms]
2025-03-09 15:32:43.257 [info] > git rev-parse --show-toplevel [1ms]
2025-03-09 15:32:43.267 [info] > git rev-parse --show-toplevel [1ms]
2025-03-09 15:32:43.276 [info] > git rev-parse --show-toplevel [1ms]
2025-03-09 15:32:43.286 [info] > git rev-parse --show-toplevel [1ms]
2025-03-09 15:32:43.299 [info] > git rev-parse --show-toplevel [1ms]
2025-03-09 15:32:43.323 [info] > git rev-parse --show-toplevel [6ms]
2025-03-09 15:32:43.337 [info] > git rev-parse --show-toplevel [1ms]
2025-03-09 15:32:43.357 [info] > git rev-parse --show-toplevel [3ms]
2025-03-09 15:32:43.381 [info] > git rev-parse --show-toplevel [2ms]
2025-03-09 15:32:43.400 [info] > git rev-parse --show-toplevel [3ms]
2025-03-09 15:32:43.424 [info] > git rev-parse --show-toplevel [2ms]
2025-03-09 15:32:43.448 [info] > git rev-parse --show-toplevel [3ms]
2025-03-09 15:32:43.469 [info] > git rev-parse --show-toplevel [2ms]
2025-03-09 15:32:43.482 [info] > git rev-parse --show-toplevel [1ms]
2025-03-09 15:32:43.494 [info] > git rev-parse --show-toplevel [3ms]
2025-03-09 15:32:43.504 [info] > git rev-parse --show-toplevel [1ms]
2025-03-09 15:32:43.513 [info] > git rev-parse --show-toplevel [0ms]
2025-03-09 15:32:43.522 [info] > git rev-parse --show-toplevel [1ms]
2025-03-09 15:32:43.531 [info] > git rev-parse --show-toplevel [1ms]
2025-03-09 15:32:43.539 [info] > git rev-parse --show-toplevel [1ms]
2025-03-09 15:32:43.547 [info] > git rev-parse --show-toplevel [1ms]
2025-03-09 15:32:43.555 [info] > git rev-parse --show-toplevel [1ms]
2025-03-09 15:32:43.557 [info] [Model][doInitialScan] Initial repository scan completed - repositories (1), closed repositories (0), parent repositories (0), unsafe repositories (0)
2025-03-09 15:32:51.672 [info] > git config --get commit.template [9ms]
2025-03-09 15:32:51.673 [info] > git for-each-ref --format=%(refname)%00%(upstream:short)%00%(objectname)%00%(upstream:track)%00%(upstream:remotename)%00%(upstream:remoteref) refs/heads/main refs/remotes/main [1ms]
2025-03-09 15:32:51.699 [info] > git for-each-ref --sort -committerdate --format %(refname) %(objectname) %(*objectname) [0ms]
2025-03-09 15:32:51.710 [info] > git status -z -uall [22ms]
2025-03-09 15:32:56.750 [info] > git config --get commit.template [18ms]
2025-03-09 15:32:56.752 [info] > git for-each-ref --format=%(refname)%00%(upstream:short)%00%(objectname)%00%(upstream:track)%00%(upstream:remotename)%00%(upstream:remoteref) refs/heads/main refs/remotes/main [3ms]
2025-03-09 15:32:56.783 [info] > git for-each-ref --sort -committerdate --format %(refname) %(objectname) %(*objectname) [2ms]
2025-03-09 15:32:56.794 [info] > git status -z -uall [24ms]
